20125004 31032002
20125005 08012002
20125006 06042002
20125007 17062002
20125009 12032002
20125010 10042002
20125011 23022002
20125012 16022002
20125014 13032002
20125015 27112002
20125017 28082002
20125019 22092002
20125021 04042002
20125023 02012002
20125025 11012002
20125027 22022002
20125029 11072002
20125031 22072002
20125032 12112002
20125033 24052002
20125034 05122002
20125038 30032002
20125039 20082002
20125040 06032002
20125046 08112002
20125048 23042002
20125052 13012002
20125054 02062002
20125058 30112002
20125059 10012001
20125060 27102002
20125066 23072002
20125067 20012002
20125068 05022002
20125069 13092002
20125081 01092002
20125090 12022002
20125101 15052002
20125102 15112002
20125106 28122002
20125111 30072002
20125117 11072002
20125118 06082002
20125124 20012002
20120004 23022002
20120039 23022002
20120562 23022002
20125020 28102002
20125022 22052002
20125028 14052002
20125030 13122002
20125044 02042002
20125047 23122002
20125049 01102002
20125051 11112002
20125053 18092002
20125055 22122002
20125061 30042002
20125070 21022002
20125071 23042002
20125074 20032002
20125075 10062002
20125076 17092002
20125077 30112002
20125086 11042002
20125087 02112002
20125088 09012002
20125089 24112002
20125091 05052002
20125092 08092002
20125093 23112002
20125094 16042002
20125096 22122002
20125097 27112000
20125098 21032002
20125099 03092002
20125100 13012002
20125104 04112002
20125105 26082002
20125107 18102002
20125108 25062002
20125109 24112002
20125110 12102002
20125112 01122002
20125113 12062002
20125114 31102002
20125115 12082002
20125116 02032002
20125119 12042002
20125121 31072002
20125122 18042002
20125123 01102002
20125125 01102002
20120119 01102002
